2.500000000000000000e-01 0.000000000000000000e+00 0.000000000000000000e+00 0.000000000000000000e+00 0.000000000000000000e+00 0.000000000000000000e+00 0.000000000000000000e+00 0.000000000000000000e+00 0.000000000000000000e+00 0.000000000000000000e+00 0.000000000000000000e+00 0.000000000000000000e+00 0.000000000000000000e+00 0.000000000000000000e+00 0.000000000000000000e+00 0.000000000000000000e+00
2.490014117807128891e-01 1.372183162154892722e-04 7.492128114003349104e-05 1.372183162155017947e-04 1.372183162155108478e-04 7.492128113997036337e-05 4.119446928714488258e-08 7.492128113997123073e-05 7.492128113997150178e-05 4.119446929016709613e-08 2.248970818981895631e-08 4.119446929046863986e-08 1.372183162154879440e-04 7.492128114003099738e-05 4.119446925797984414e-08 7.492128114003560524e-05
2.460225142651127628e-01 5.455121488979128297e-04 2.987419967807741772e-04 5.455121488978881099e-04 5.455121488978774847e-04 2.987419967807984091e-04 6.564551194064918715e-07 2.987419967807969996e-04 2.987419967807973791e-04 6.564551194070881827e-07 3.593381332794474362e-07 6.564551194066409493e-07 5.455121488978752079e-04 2.987419967808161358e-04 6.564551194609188206e-07 2.987419967807804656e-04
2.411133571946731391e-01 1.214939834740386138e-03 6.686440652064300216e-04 1.214939834740421483e-03 1.214939834740423868e-03 6.686440652064097470e-04 3.301043348587565096e-06 6.686440652064167944e-04 6.686440652064167944e-04 3.301043348590817703e-06 1.814901732250331391e-06 3.301043348589069427e-06 1.214939834740417363e-03 6.686440652064564762e-04 3.301043348577807277e-06 6.686440652064300216e-04
2.343555485809946104e-01 2.129395119041865847e-03 1.179968723927702495e-03 2.129395119041828550e-03 2.129395119041811203e-03 1.179968723927723312e-03 1.033543524425143550e-05 1.179968723927723962e-03 1.179968723927722011e-03 1.033543524424449661e-05 5.716858294706477113e-06 1.033543524424972789e-05 2.129395119041804264e-03 1.179968723927715289e-03 1.033543524421283791e-05 1.179968723927698158e-03
2.258596473903013990e-01 3.267270914978609442e-03 1.826274765904127573e-03 3.267270914978617248e-03 3.267270914978622019e-03 1.826274765904155328e-03 2.493113280075710814e-05 1.826274765904152076e-03 1.826274765904152293e-03 2.493113280075287975e-05 1.389582315602249946e-05 2.493113280075241896e-05 3.267270914978635029e-03 1.826274765904165520e-03 2.493113280077207013e-05 1.826274765904138848e-03
2.157617145387702995e-01 4.602329403830329041e-03 2.599422036606291453e-03 4.602329403830335113e-03 4.602329403830339449e-03 2.599422036606298392e-03 5.094513943678649279e-05 2.599422036606301861e-03 2.599422036606304463e-03 5.094513943678779383e-05 2.865506852323552317e-05 5.094513943678107178e-05 4.602329403830348123e-03 2.599422036606273238e-03 5.094513943675309936e-05 2.599422036606305331e-03
2.042192038755809291e-01 6.104725660463310860e-03 3.489681340176166435e-03 6.104725660463306523e-03 6.104725660463313462e-03 3.489681340176201130e-03 9.276906296631090912e-05 3.489681340176195926e-03 3.489681340176201130e-03 9.276906296632196798e-05 5.272918964322349106e-05 9.276906296631345699e-05 6.104725660463309125e-03 3.489681340176148654e-03 9.276906296627653991e-05 3.489681340176182048e-03
1.914064011862943171e-01 7.742125114015140086e-03 4.485871251355442318e-03 7.742125114015144423e-03 7.742125114015166974e-03 4.485871251355428441e-03 1.551599776879360182e-04 4.485871251355425839e-03 4.485871251355421502e-03 1.551599776879371024e-04 8.923093876060509723e-05 1.551599776879275614e-04 7.742125114015156566e-03 4.485871251355448390e-03 1.551599776879167194e-04 4.485871251355412828e-03
1.775096302679725901e-01 9.480853090662402088e-03 5.575521231191756660e-03 9.480853090662435048e-03 9.480853090662438518e-03 5.575521231191708088e-03 2.430609570543175446e-04 5.575521231191709823e-03 5.575521231191708955e-03 2.430609570543214477e-04 1.415861540099453905e-04 2.430609570543200383e-04 9.480853090662436783e-03 5.575521231191751456e-03 2.430609570543050763e-04 5.575521231191733242e-03
1.627224410019947887e-01 1.128701725397677005e-02 6.745059043242856642e-03 1.128701725397678740e-02 1.128701725397677699e-02 6.745059043242868785e-03 3.614195195842525524e-04 6.745059043242865315e-03 6.745059043242854907e-03 3.614195195842597082e-04 2.134576443037048028e-04 3.614195195842572145e-04 1.128701725397676832e-02 6.745059043242882663e-03 3.614195195842679481e-04 6.745059043242880061e-03
1.472409766484284732e-01 1.312755032902454544e-02 7.980018967899706744e-03 1.312755032902456973e-02 1.312755032902456973e-02 7.980018967899680724e-03 5.150120807442990726e-04 7.980018967899692867e-03 7.980018967899689397e-03 5.150120807443057946e-04 3.086599050976471942e-04 5.150120807442998315e-04 1.312755032902457319e-02 7.980018967899689397e-03 5.150120807442940853e-04 7.980018967899713683e-03
1.312596889646222842e-01 1.497113010507748754e-02 9.265265941118948356e-03 1.497113010507748060e-02 1.497113010507747366e-02 9.265265941118960499e-03 7.082818752985242574e-04 9.265265941118951826e-03 9.265265941118957030e-03 7.082818752985236069e-04 4.310674671597113441e-04 7.082818752985241490e-04 1.497113010507748233e-02 9.265265941118934478e-03 7.082818752985303289e-04 9.265265941118953560e-03
1.149675335706167312e-01 1.678894520765714105e-02 1.058522970491535160e-02 1.678894520765713758e-02 1.678894520765712717e-02 1.058522970491534813e-02 9.451967505303381090e-04 1.058522970491534640e-02 1.058522970491534466e-02 9.451967505303355069e-04 5.845203671410756190e-04 9.451967505303363742e-04 1.678894520765713411e-02 1.058522970491536375e-02 9.451967505303425542e-04 1.058522970491533946e-02
9.854473788019151026e-02 1.855528732990493340e-02 1.192414249865917861e-02 1.855528732990489871e-02 1.855528732990491259e-02 1.192414249865916473e-02 1.229131811666485819e-03 1.192414249865917340e-02 1.192414249865916646e-02 1.229131811666487988e-03 7.727305615676575111e-04 1.229131811666489505e-03 1.855528732990490912e-02 1.192414249865918034e-02 1.229131811666492975e-03 1.192414249865918555e-02
8.216019339229839458e-02 2.024796243713659905e-02 1.326627381165178601e-02 2.024796243713658864e-02 2.024796243713659211e-02 1.326627381165178601e-02 1.562780239267926377e-03 1.326627381165178254e-02 1.326627381165178428e-02 1.562780239267926811e-03 9.991930321725087973e-04 1.562780239267931148e-03 2.024796243713659211e-02 1.326627381165180510e-02 1.562780239267918788e-03 1.326627381165182071e-02
6.596948622944226459e-02 2.184852403695843395e-02 1.459615624158936906e-02 2.184852403695842701e-02 2.184852403695843048e-02 1.459615624158938293e-02 1.948093826761576001e-03 1.459615624158938293e-02 1.459615624158938467e-02 1.948093826761571230e-03 1.267104866141074461e-03 1.948093826761569279e-03 2.184852403695844089e-02 1.459615624158936385e-02 1.948093826761558220e-03 1.459615624158937773e-02
5.011354685536710540e-02 2.334234033985140358e-02 1.589879746592413184e-02 2.334234033985141052e-02 2.334234033985140705e-02 1.589879746592414225e-02 2.386253042652973239e-03 1.589879746592413531e-02 1.589879746592413878e-02 2.386253042652966300e-03 1.579294819070225240e-03 2.386253042652966734e-03 2.334234033985141746e-02 1.589879746592413531e-02 2.386253042652978010e-03 1.589879746592412491e-02
3.471787343082201327e-02 2.471851370616137689e-02 1.715987458292714957e-02 2.471851370616136995e-02 2.471851370616136995e-02 1.715987458292713569e-02 2.877664834957121068e-03 1.715987458292714263e-02 1.715987458292713916e-02 2.877664834957122802e-03 1.938164907140775073e-03 2.877664834957124971e-03 2.471851370616136995e-02 1.715987458292714957e-02 2.877664834957112394e-03 1.715987458292714957e-02
1.989226398662244724e-02 2.596967513161553207e-02 1.836590843740191006e-02 2.596967513161553553e-02 2.596967513161554247e-02 1.836590843740190659e-02 3.421985071545258217e-03 1.836590843740189966e-02 1.836590843740190659e-02 3.421985071545256482e-03 2.345644576322525755e-03 3.421985071545256482e-03 2.596967513161552860e-02 1.836590843740189619e-02 3.421985071545250844e-03 1.836590843740190659e-02
5.730980496751805590e-03 2.709167882271951849e-02 1.950441683491601491e-02 2.709167882271949074e-02 2.709167882271949421e-02 1.950441683491600797e-02 4.018161524769692239e-03 1.950441683491601491e-02 1.950441683491601144e-02 4.018161524769693974e-03 2.803157103794894685e-03 4.018161524769688769e-03 2.709167882271950462e-02 1.950441683491601838e-02 4.018161524769699178e-03 1.950441683491601838e-02
-7.686737564440554969e-03 2.808322245890595634e-02 2.056404661795491889e-02 2.808322245890594593e-02 2.808322245890594940e-02 2.056404661795493277e-02 4.664492701617642574e-03 2.056404661795492583e-02 2.056404661795493277e-02 4.664492701617634768e-03 3.311597214616169346e-03 4.664492701617639105e-03 2.808322245890595287e-02 2.056404661795492583e-02 4.664492701617645176e-03 2.056404661795493277e-02
-2.029589247831757939e-02 2.894541791012367540e-02 2.153468532342114536e-02 2.894541791012367193e-02 2.894541791012365806e-02 2.153468532342115577e-02 5.358697596002661226e-03 2.153468532342116271e-02 2.153468532342115924e-02 5.358697596002658624e-03 3.871318513284805612e-03 5.358697596002652552e-03 2.894541791012366153e-02 2.153468532342115230e-02 5.358697596002673369e-03 2.153468532342113495e-02
-3.204475810921048745e-02 2.968133537231663205e-02 2.240755351483705859e-02 2.968133537231663899e-02 2.968133537231663899e-02 2.240755351483702390e-02 6.097991570284457333e-03 2.240755351483703084e-02 2.240755351483702737e-02 6.097991570284460802e-03 4.482129249783498200e-03 6.097991570284451261e-03 2.968133537231661817e-02 2.240755351483706553e-02 6.097991570284429577e-03 2.240755351483705513e-02
-4.289379035464845058e-02 3.029554146284550720e-02 2.317527889203798569e-02 3.029554146284546903e-02 3.029554146284549332e-02 2.317527889203800304e-02 6.879164006157543337e-03 2.317527889203800304e-02 2.317527889203800304e-02 6.879164006157546807e-03 5.143295126407793072e-03 6.879164006157539868e-03 3.029554146284548638e-02 2.317527889203799263e-02 6.879164006157550276e-03 2.317527889203799263e-02
-5.281447858672892737e-02 3.079364908474252829e-02 2.383195298288039513e-02 3.079364908474254564e-02 3.079364908474254564e-02 2.383195298288039859e-02 7.698654030492298010e-03 2.383195298288040553e-02 2.383195298288040900e-02 7.698654030492302347e-03 5.853548228506600011e-03 7.698654030492297143e-03 3.079364908474254217e-02 2.383195298288039513e-02 7.698654030492309286e-03 2.383195298288039166e-02
-6.178818783208141902e-02 3.118189404712459409e-02 2.437317070943611011e-02 3.118189404712460797e-02 3.118189404712459409e-02 2.437317070943611705e-02 8.552621439470510165e-03 2.437317070943611011e-02 2.437317070943611358e-02 8.552621439470515369e-03 6.611101629083781031e-03 8.552621439470511899e-03 3.118189404712460797e-02 2.437317070943612052e-02 8.552621439470504960e-03 2.437317070943611358e-02
-6.980503072603942705e-02 3.146675066565887691e-02 2.479605251131654711e-02 3.146675066565890466e-02 3.146675066565890466e-02 2.479605251131652977e-02 9.437010831639218444e-03 2.479605251131652630e-02 2.479605251131652630e-02 9.437010831639213240e-03 7.413669668947235614e-03 9.437010831639211506e-03 3.146675066565890466e-02 2.479605251131654364e-02 9.437010831639202832e-03 2.479605251131652977e-02
-7.686279811075917567e-02 3.165459593973470737e-02 2.509924812359508664e-02 3.165459593973474206e-02 3.165459593973472818e-02 2.509924812359509011e-02 1.034760783815116131e-02 2.509924812359507623e-02 2.509924812359508317e-02 1.034760783815115957e-02 8.258494257644494185e-03 1.034760783815115957e-02 3.165459593973472818e-02 2.509924812359509358e-02 1.034760783815114743e-02 2.509924812359510052e-02
-8.296596796397261164e-02 3.175142943707669890e-02 2.528292066040164696e-02 3.175142943707670584e-02 3.175142943707671278e-02 2.528292066040166430e-02 1.128008713645197066e-02 2.528292066040165390e-02 2.528292066040165736e-02 1.128008713645197759e-02 9.142377707447369925e-03 1.128008713645197413e-02 3.175142943707671972e-02 2.528292066040166777e-02 1.128008713645196545e-02 2.528292066040163655e-02
-8.812480440501779810e-02 3.176265370253856385e-02 2.534870944077358829e-02 3.176265370253858467e-02 3.176265370253859160e-02 2.534870944077360910e-02 1.223005259587320662e-02 2.534870944077360563e-02 2.534870944077360563e-02 1.223005259587320835e-02 1.006172256672834865e-02 1.223005259587320835e-02 3.176265370253857773e-02 2.534870944077359523e-02 1.223005259587323437e-02 2.534870944077357094e-02
-9.235455194246459942e-02 3.169291782007951919e-02 2.529967007306913734e-02 3.169291782007951225e-02 3.169291782007951919e-02 2.529967007306913040e-02 1.319307039164152248e-02 2.529967007306913040e-02 2.529967007306913040e-02 1.319307039164152769e-02 1.101257865716499286e-02 1.319307039164152248e-02 3.169291782007951225e-02 2.529967007306912347e-02 1.319307039164151728e-02 2.529967007306914775e-02
-9.567472490600618940e-02 3.154602466964103596e-02 2.514019071320463747e-02 3.154602466964104290e-02 3.154602466964104984e-02 2.514019071320463747e-02 1.416469621998943385e-02 2.514019071320463747e-02 2.514019071320464094e-02 1.416469621998944252e-02 1.199069706825567176e-02 1.416469621998944252e-02 3.154602466964104290e-02 2.514019071320464788e-02 1.416469621998943558e-02 2.514019071320463400e-02
-9.810848806795115229e-02 3.132490042021705140e-02 2.487588411534460975e-02 3.132490042021704446e-02 3.132490042021704446e-02 2.487588411534460281e-02 1.514049785552649616e-02 2.487588411534460975e-02 2.487588411534459934e-02 1.514049785552649963e-02 1.299159027290860448e-02 1.514049785552649095e-02 3.132490042021704446e-02 2.487588411534460281e-02 1.514049785552650830e-02 2.487588411534460628e-02
-9.968212167994779105e-02 3.103162289313974795e-02 2.451345604840239265e-02 3.103162289313973407e-02 3.103162289313973407e-02 2.451345604840238918e-02 1.611607423803752479e-02 2.451345604840238224e-02 2.451345604840238918e-02 1.611607423803753172e-02 1.401059686482365209e-02 1.611607423803752479e-02 3.103162289313974101e-02 2.451345604840238918e-02 1.611607423803753519e-02 2.451345604840238224e-02
-1.004245623756119671e-01 3.066750364418802804e-02 2.406055177251924942e-02 3.066750364418801764e-02 3.066750364418803151e-02 2.406055177251925289e-02 1.708707210229352264e-02 2.406055177251924942e-02 2.406055177251925289e-02 1.708707210229352610e-02 1.504294875456957566e-02 1.708707210229352610e-02 3.066750364418801417e-02 2.406055177251923208e-02 1.708707210229352610e-02 2.406055177251921820e-02
-1.003670104590296125e-01 3.023321699816527638e-02 2.352558344903083257e-02 3.023321699816525210e-02 3.023321699816526598e-02 2.352558344903082563e-02 1.804920092572264226e-02 2.352558344903082910e-02 2.352558344903083257e-02 1.804920092572264573e-02 1.608383806929221740e-02 1.804920092572265267e-02 3.023321699816525904e-02 2.352558344903083257e-02 1.804920092572264226e-02 2.352558344903084644e-02
-9.954259385736941024e-02 2.972896788679418173e-02 2.291754247859232457e-02 2.972896788679416785e-02 2.972896788679417479e-02 2.291754247859231763e-02 1.899824672262106356e-02 2.291754247859232457e-02 2.291754247859232457e-02 1.899824672262106356e-02 1.712848054815366630e-02 1.899824672262106356e-02 2.972896788679416785e-02 2.291754247859233845e-02 1.899824672262105663e-02 2.291754247859232804e-02
-9.798607932032706025e-02 2.915468925521243204e-02 2.224580171386652747e-02 2.915468925521244592e-02 2.915468925521244592e-02 2.224580171386651012e-02 1.993008501161926821e-02 2.224580171386650318e-02 2.224580171386651012e-02 1.993008501161927168e-02 1.817217196980033464e-02 1.993008501161927168e-02 2.915468925521244245e-02 2.224580171386653094e-02 1.993008501161924739e-02 2.224580171386653787e-02
-9.573362217211227321e-02 2.851025907155592051e-02 2.151991318385308369e-02 2.851025907155593786e-02 2.851025907155593092e-02 2.151991318385308716e-02 2.084069316198193869e-02 2.151991318385308369e-02 2.151991318385308022e-02 2.084069316198193869e-02 1.921033413484138710e-02 2.084069316198194563e-02 2.851025907155593786e-02 2.151991318385310104e-02 2.084069316198195257e-02 2.151991318385309757e-02
-9.282254694951259932e-02 2.779572663798398485e-02 2.074940733603459694e-02 2.779572663798398832e-02 2.779572663798398832e-02 2.074940733603458307e-02 2.172616229889653278e-02 2.074940733603459347e-02 2.074940733603459347e-02 2.172616229889654318e-02 2.023854718578210407e-02 2.172616229889652931e-02 2.779572663798395710e-02 2.074940733603462123e-02 2.172616229889653278e-02 2.074940733603461429e-02
-8.929115248939092919e-02 2.701153797480073532e-02 1.994359982752268862e-02 2.701153797480071450e-02 2.701153797480070409e-02 1.994359982752268862e-02 2.258270900839701514e-02 1.994359982752268862e-02 1.994359982752268862e-02 2.258270900839701861e-02 2.125256559146303931e-02 2.258270900839701514e-02 2.701153797480070756e-02 1.994359982752269209e-02 2.258270900839703943e-02 1.994359982752268168e-02
-8.517853636517966343e-02 2.615875051808311258e-02 1.911141159391206018e-02 2.615875051808310217e-02 2.615875051808309176e-02 1.911141159391208100e-02 2.340668719624234076e-02 1.911141159391208447e-02 1.911141159391207753e-02 2.340668719624234423e-02 2.224831594440448285e-02 2.340668719624234770e-02 2.615875051808309870e-02 1.911141159391205324e-02 2.340668719624236851e-02 1.911141159391204630e-02
-8.052443492334883379e-02 2.523922819355106997e-02 1.826120734538532603e-02 2.523922819355106303e-02 2.523922819355106650e-02 1.826120734538532256e-02 2.419460057276288240e-02 1.826120734538532603e-02 1.826120734538532603e-02 2.419460057276288240e-02 2.322187578578015915e-02 2.419460057276287893e-02 2.523922819355106650e-02 1.826120734538532256e-02 2.419460057276288587e-02 1.826120734538531909e-02
-7.536907644994490785e-02 2.425580904046301806e-02 1.740065685870281764e-02 2.425580904046302153e-02 2.425580904046301112e-02 1.740065685870280723e-02 2.494311630212369887e-02 1.740065685870281070e-02 1.740065685870281070e-02 2.494311630212370234e-02 2.416943392738020793e-02 2.494311630212370928e-02 2.425580904046301112e-02 1.740065685870282111e-02 2.494311630212369887e-02 1.740065685870281417e-02
-6.975304612196780996e-02 2.321243887942780332e-02 1.653662253676915425e-02 2.321243887942781026e-02 2.321243887942778944e-02 1.653662253676915078e-02 2.564908032048759945e-02 1.653662253676914731e-02 1.653662253676915078e-02 2.564908032048759945e-02 2.508723410169038867e-02 2.564908032048759945e-02 2.321243887942779291e-02 1.653662253676916466e-02 2.564908032048760639e-02 1.653662253676915772e-02
-6.371716229593626935e-02 2.211426596254775084e-02 1.567507577668561178e-02 2.211426596254777166e-02 2.211426596254777166e-02 1.567507577668562913e-02 2.630953466200564375e-02 1.567507577668562913e-02 1.567507577668562913e-02 2.630953466200564722e-02 2.597150513760784069e-02 2.630953466200565069e-02 2.211426596254777166e-02 1.567507577668562913e-02 2.630953466200565416e-02 1.567507577668561525e-02
-5.730236429930535280e-02 2.096769303357435069e-02 1.482104378858634802e-02 2.096769303357436109e-02 2.096769303357436456e-02 1.482104378858635496e-02 2.692173683010510785e-02 1.482104378858635149e-02 1.482104378858635323e-02 2.692173683010511132e-02 2.681838211306834807e-02 2.692173683010510438e-02 2.096769303357436456e-02 1.482104378858636363e-02 2.692173683010510785e-02 1.482104378858635843e-02
-5.054961218449804256e-02 1.978038469361229762e-02 1.397858768205710416e-02 1.978038469361231497e-02 1.978038469361230456e-02 1.397858768205710936e-02 2.748318084070650036e-02 1.397858768205710762e-02 1.397858768205710416e-02 2.748318084070650383e-02 2.762382395487909120e-02 2.748318084070650383e-02 1.978038469361231844e-02 1.397858768205710242e-02 2.748318084070649342e-02 1.397858768205710242e-02
-4.349979887363747411e-02 1.856122936768150530e-02 1.315081189679375914e-02 1.856122936768148449e-02 1.856122936768149490e-02 1.315081189679376261e-02 2.799161909899505404e-02 1.315081189679376435e-02 1.315081189679376608e-02 2.799161909899505404e-02 2.838353362616759246e-02 2.799161909899505751e-02 1.856122936768148449e-02 1.315081189679376261e-02 2.799161909899505751e-02 1.315081189679375567e-02
-3.619367479053768599e-02 1.732025647455313552e-02 1.233990438499965418e-02 1.732025647455312165e-02 1.732025647455313552e-02 1.233990438499966459e-02 2.844508382779152578e-02 1.233990438499965592e-02 1.233990438499965939e-02 2.844508382779151884e-02 2.909288727116004364e-02 2.844508382779152578e-02 1.732025647455312511e-02 1.233990438499965939e-02 2.844508382779153619e-02 1.233990438499965592e-02
-2.867178450416457691e-02 1.606851061317465801e-02 1.154720632114576706e-02 1.606851061317465801e-02 1.606851061317465801e-02 1.154720632114576706e-02 2.884190642615682212e-02 1.154720632114576533e-02 1.154720632114576533e-02 2.884190642615682906e-02 2.974687841996295767e-02 2.884190642615683253e-02 1.606851061317467189e-02 1.154720632114577747e-02 2.884190642615680478e-02 1.154720632114576186e-02
-2.097441418289985524e-02 1.481788570661532987e-02 1.077330947812270984e-02 1.481788570661535416e-02 1.481788570661535763e-02 1.077330947812270463e-02 2.918073297560998258e-02 1.077330947812270290e-02 1.077330947812270463e-02 2.918073297560998258e-02 3.034008258526120147e-02 2.918073297560998952e-02 1.481788570661535416e-02 1.077330947812271331e-02 2.918073297560997217e-02 1.077330947812270463e-02
-1.314154789049326241e-02 1.358092311079781705e-02 1.001817872988224750e-02 1.358092311079782052e-02 1.358092311079779624e-02 1.001817872988225791e-02 2.946053417793612073e-02 1.001817872988225964e-02 1.001817872988225791e-02 2.946053417793611379e-02 3.086664635626285361e-02 2.946053417793612073e-02 1.358092311079780838e-02 1.001817872988224750e-02 2.946053417793611726e-02 1.001817872988225097e-02
-5.212830059317970569e-03 1.237057872220039857e-02 9.281296398063713579e-03 1.237057872220038643e-02 1.237057872220038296e-02 9.281296398063718783e-03 2.968060831641329556e-02 9.281296398063717049e-03 9.281296398063717049e-03 2.968060831641328862e-02 3.132030351647979716e-02 2.968060831641328168e-02 1.237057872220038296e-02 9.281296398063718783e-03 2.968060831641329556e-02 9.281296398063711844e-03
2.772469036485498278e-03 1.119996511847481079e-02 8.561824357553655951e-03 1.119996511847482119e-02 1.119996511847481425e-02 8.561824357553666359e-03 2.984057635282884313e-02 8.561824357553673298e-03 8.561824357553668094e-03 2.984057635282885007e-02 3.169441893297664931e-02 2.984057635282884313e-02 1.119996511847480732e-02 8.561824357553662890e-03 2.984057635282883619e-02 8.561824357553657686e-03
1.077548823071273164e-02 1.008207573304863332e-02 7.858778986053969670e-03 1.008207573304865413e-02 1.008207573304864720e-02 7.858778986053964466e-03 2.994036893768011603e-02 7.858778986053967935e-03 7.858778986053966201e-03 2.994036893768011603e-02 3.198205917004719179e-02 2.994036893768011950e-02 1.008207573304864893e-02 7.858778986053974874e-03 2.994036893768011257e-02 7.858778986053964466e-03
1.875781418947098170e-02 9.029498970975796679e-03 7.171213244977485413e-03 9.029498970975782801e-03 9.029498970975781066e-03 7.171213244977501892e-03 2.998020582313774829e-02 7.171213244977502760e-03 7.171213244977502760e-03 2.998020582313774482e-02 3.217608716420865267e-02 2.998020582313774135e-02 9.029498970975788005e-03 7.171213244977497556e-03 2.998020582313774829e-02 7.171213244977499290e-03
2.668152687157617636e-02 8.054130966642675249e-03 6.498399491874150107e-03 8.054130966642678718e-03 8.054130966642671779e-03 6.498399491874145770e-03 2.996056881839827962e-02 6.498399491874145770e-03 6.498399491874148372e-03 2.996056881839828309e-02 3.226927703701388400e-02 2.996056881839827615e-02 8.054130966642673514e-03 6.498399491874156178e-03 2.996056881839825881e-02 6.498399491874151841e-03
3.450925401923451291e-02 7.166896292963999271e-03 5.840006133597042300e-03 7.166896292964010547e-03 7.166896292964004475e-03 5.840006133597039698e-03 2.988216991433585712e-02 5.840006133597039698e-03 5.840006133597037095e-03 2.988216991433585018e-02 3.225444434998254312e-02 2.988216991433585712e-02 7.166896292964004475e-03 5.840006133597040565e-03 2.988216991433583977e-02 5.840006133597045769e-03
4.220423611210598336e-02 6.377486274008729687e-03 5.196261012886250856e-03 6.377486274008731422e-03 6.377486274008730555e-03 5.196261012886246519e-03 2.974591645686034888e-02 5.196261012886248254e-03 5.196261012886253458e-03 2.974591645686034194e-02 3.212458688709893262e-02 2.974591645686034194e-02 6.377486274008728820e-03 5.196261012886254325e-03 2.974591645686034194e-02 5.196261012886249121e-03
4.973040227105116062e-02 5.694124547176116109e-03 4.568094536795950546e-03 5.694124547176132589e-03 5.694124547176123048e-03 4.568094536795952280e-03 2.955287523761569030e-02 4.568094536795961821e-03 4.568094536795957485e-03 2.955287523761568683e-02 3.187303136900457301e-02 2.955287523761568336e-02 5.694124547176119579e-03 4.568094536795952280e-03 2.955287523761569723e-02 4.568094536795954015e-03
5.705245668152104238e-02 5.123369099916537731e-03 3.957256030844642086e-03 5.123369099916531659e-03 5.123369099916529057e-03 3.957256030844646423e-03 2.930423711806110637e-02 3.957256030844643821e-03 3.957256030844644688e-03 2.930423711806110290e-02 3.149358226149921031e-02 2.930423711806110637e-02 5.123369099916535128e-03 3.957256030844635147e-03 2.930423711806112025e-02 3.957256030844634280e-03
6.413597432487096184e-02 4.669959128874839188e-03 3.366397630446250899e-03 4.669959128874844392e-03 4.669959128874833117e-03 3.366397630446253501e-03 2.900128337606995219e-02 3.366397630446258272e-03 3.366397630446259573e-03 2.900128337606995219e-02 3.098066987267101072e-02 2.900128337606994872e-02 4.669959128874832249e-03 3.366397630446260440e-03 2.900128337606994525e-02 3.366397630446248731e-03
7.094750423424635299e-02 4.336713731105611667e-03 2.799121160301494202e-03 4.336713731105609933e-03 4.336713731105616004e-03 2.799121160301483360e-03 2.864535446281949588e-02 2.799121160301482926e-03 2.799121160301485962e-03 2.864535446281950976e-02 3.032949602824288118e-02 2.864535446281950629e-02 4.336713731105617739e-03 2.799121160301477722e-03 2.864535446281949241e-02 2.799121160301479890e-03
7.745467816559585550e-02 4.124487672424501095e-03 2.259984835952342543e-03 4.124487672424507166e-03 4.124487672424500227e-03 2.259984835952344711e-03 2.823782139342564251e-02 2.259984835952345145e-03 2.259984835952349048e-03 2.823782139342564598e-02 2.953617655528806979e-02 2.823782139342564945e-02 4.124487672424497625e-03 2.259984835952346012e-03 2.823782139342564598e-02 2.259984835952345145e-03
8.362632248651434563e-02 4.032187360486898589e-03 1.754468166916827061e-03 4.032187360486895120e-03 4.032187360486896854e-03 1.754468166916833350e-03 2.778005966732818854e-02 1.754468166916827495e-03 1.754468166916834000e-03 2.778005966732819548e-02 2.859788040072295048e-02 2.778005966732818161e-02 4.032187360486898589e-03 1.754468166916826194e-03 2.778005966732817467e-02 1.754468166916840505e-03
8.943257119170089364e-02 4.056847785632897857e-03 1.288895060941646666e-03 4.056847785632899592e-03 4.056847785632912602e-03 1.288895060941641028e-03 2.727342549125874246e-02 1.288895060941649918e-03 1.288895060941650135e-03 2.727342549125873900e-02 2.751296533508113332e-02 2.727342549125873553e-02 4.056847785632909133e-03 1.288895060941648400e-03 2.727342549125874246e-02 1.288895060941653171e-03
9.484497818592096952e-02 4.193768708599058398e-03 8.703167431094987333e-04 4.193768708599077480e-03 4.193768708599075745e-03 8.703167431094904934e-04 2.671923418006475620e-02 8.703167431094943965e-04 8.703167431094910355e-04 2.671923418006475967e-02 2.628110980076525313e-02 2.671923418006476314e-02 4.193768708599071408e-03 8.703167431095212847e-04 2.671923418006474232e-02 8.703167431095084911e-04
9.983662726012397515e-02 4.436705907651104439e-03 5.063576434766337703e-04 4.436705907651143470e-03 4.436705907651128725e-03 5.063576434766073157e-04 2.611874091039680448e-02 5.063576434766285661e-04 5.063576434766216272e-04 2.611874091039680101e-02 2.490343960682297672e-02 2.611874091039679407e-02 4.436705907651142602e-03 5.063576434766411428e-04 2.611874091039677326e-02 5.063576434766350713e-04
1.043822384641536205e-01 4.778110981185364203e-03 2.050288189993799276e-04 4.778110981185368540e-03 4.778110981185392826e-03 2.050288189993508710e-04 2.547312442830050594e-02 2.050288189993515215e-04 2.050288189993560752e-04 2.547312442830050247e-02 2.338264698390520729e-02 2.547312442830049900e-02 4.778110981185395428e-03 2.050288189993799276e-04 2.547312442830048165e-02 2.050288189993825297e-04
1.084582698203509776e-01 5.209411152167097228e-03 -2.548528078638416516e-05 5.209411152167109371e-03 5.209411152167102432e-03 -2.548528078638720093e-05 2.478347476618629822e-02 -2.548528078638351464e-05 -2.548528078638416516e-05 2.478347476618628781e-02 2.172309819095213923e-02 2.478347476618630169e-02 5.209411152167098963e-03 -2.548528078638503253e-05 2.478347476618631903e-02 -2.548528078635272330e-05
1.120430135350750922e-01 5.721318830104595715e-03 -1.770598511293391270e-04 5.721318830104606991e-03 5.721318830104598317e-03 -1.770598511293425964e-04 2.405078640339715704e-02 -1.770598511293497521e-04 -1.770598511293460658e-04 2.405078640339717438e-02 1.993092463769228703e-02 2.405078640339716051e-02 5.721318830104606123e-03 -1.770598511293222134e-04 2.405078640339716051e-02 -1.770598511293350070e-04
1.151166860968077521e-01 6.304159417389590056e-03 -2.418749029057809530e-04 6.304159417389595260e-03 6.304159417389588321e-03 -2.418749029058065401e-04 2.327595851841762417e-02 -2.418749029057915782e-04 -2.418749029057974329e-04 2.327595851841761723e-02 1.801409157739661954e-02 2.327595851841762070e-02 6.304159417389589189e-03 -2.418749029057835551e-04 2.327595851841758948e-02 -2.418749029057811698e-04
1.176615119747922988e-01 6.948205032691924521e-03 -2.126643350952167610e-04 6.948205032691921919e-03 6.948205032691931460e-03 -2.126643350952128579e-04 2.245980397206483875e-02 -2.126643350952085211e-04 -2.126643350952098221e-04 2.245980397206482834e-02 1.598243801675027984e-02 2.245980397206482487e-02 6.948205032691929725e-03 -2.126643350951909570e-04 2.245980397206482487e-02 -2.126643350952070032e-04
1.196618011338991122e-01 7.644001471222820407e-03 -8.296039579163035083e-05 7.644001471222872449e-03 7.644001471222855969e-03 -8.296039579164401177e-05 2.160306841311743567e-02 -8.296039579164487913e-05 -8.296039579163902444e-05 2.160306841311742873e-02 1.384768170348804617e-02 2.160306841311741832e-02 7.644001471222856836e-03 -8.296039579163078451e-05 2.160306841311745302e-02 -8.296039579165463695e-05
1.211040213254557796e-01 8.382675816759993861e-03 1.526749564111258561e-04 8.382675816759990392e-03 8.382675816759992127e-03 1.526749564111147973e-04 2.070646043547851728e-02 1.526749564111319277e-04 1.526749564111232541e-04 2.070646043547852075e-02 1.162338392712169467e-02 2.070646043547851728e-02 8.382675816759986923e-03 1.526749564111416855e-04 2.070646043547853116e-02 1.526749564111306266e-04
1.219768671232150381e-01 9.156212638275620236e-03 4.984399288514886062e-04 9.156212638275639318e-03 9.156212638275644522e-03 4.984399288514695242e-04 1.977069309740159264e-02 4.984399288514680063e-04 4.984399288514727768e-04 1.977069309740159958e-02 9.324870360965475252e-03 1.977069309740159611e-02 9.156212638275647991e-03 4.984399288514638864e-04 1.977069309740158223e-02 4.984399288514912083e-04
1.222713289077747290e-01 9.957687615934854991e-03 9.571114655240967745e-04 9.957687615934844583e-03 9.957687615934834174e-03 9.571114655241253974e-04 1.879653641666187078e-02 9.571114655241282163e-04 9.571114655241314689e-04 1.879653641666186037e-02 6.969106168692040457e-03 1.879653641666186037e-02 9.957687615934823766e-03 9.571114655240965576e-04 1.879653641666187078e-02 9.571114655241021955e-04
1.219807663462458003e-01 1.078144872051784581e-02 1.529898966184575076e-03 1.078144872051784754e-02 1.078144872051785622e-02 1.529898966184562066e-03 1.778487976265390180e-02 1.529898966184564668e-03 1.529898966184565102e-03 1.778487976265389486e-02 4.574525923958120376e-03 1.778487976265389833e-02 1.078144872051785622e-02 1.529898966184580714e-03 1.778487976265389139e-02 1.529898966184572908e-03
1.211009921794510974e-01 1.162323669549701101e-02 2.216338317634920091e-03 1.162323669549701621e-02 1.162323669549700580e-02 2.216338317634938306e-03 1.673680244765134856e-02 2.216338317634931800e-03 2.216338317634927464e-03 1.673680244765134856e-02 2.160821342144154424e-03 1.673680244765134162e-02 1.162323669549701274e-02 2.216338317634902310e-03 1.673680244765135897e-02 2.216338317634914019e-03
1.196303730749776612e-01 1.248023854463435264e-02 3.014229878399587656e-03 1.248023854463432489e-02 1.248023854463432836e-02 3.014229878399605003e-03 1.565365032285485902e-02 3.014229878399611075e-03 3.014229878399605437e-03 1.565365032285485902e-02 -2.513078153338886046e-04 1.565365032285486249e-02 1.248023854463433877e-02 3.014229878399585921e-03 1.565365032285485555e-02 3.014229878399588090e-03
1.175699546668968198e-01 1.335106999178205418e-02 3.919622379241828256e-03 1.335106999178207673e-02 1.335106999178205939e-02 3.919622379241835194e-03 1.453711583078011807e-02 3.919622379241835194e-03 3.919622379241826521e-03 1.453711583078012501e-02 -2.640432232598393086e-03 1.453711583078011807e-02 1.335106999178205939e-02 3.919622379241808306e-03 1.453711583078011634e-02 3.919622379241815245e-03
1.149236174359989371e-01 1.423568542671355130e-02 4.926842958241955256e-03 1.423568542671355130e-02 1.423568542671355130e-02 4.926842958241989083e-03 1.338931874800040021e-02 4.926842958241979542e-03 4.926842958241983879e-03 1.338931874800040542e-02 -4.984691884308520803e-03 1.338931874800039501e-02 1.423568542671355998e-02 4.926842958241948317e-03 1.338931874800039154e-02 4.926842958241955256e-03
1.116982686041990969e-01 1.513521663710251652e-02 6.028571838628125207e-03 1.513521663710252867e-02 1.513521663710252693e-02 6.028571838628122605e-03 1.221288474543407582e-02 6.028571838628121737e-03 6.028571838628116533e-03 1.221288474543407061e-02 -7.262105166116012041e-03 1.221288474543407929e-02 1.513521663710251305e-02 6.028571838628125207e-03 1.221288474543407755e-02 6.028571838628130411e-03
1.079040726413811324e-01 1.605174458290851286e-02 7.215958575941023787e-03 1.605174458290853021e-02 1.605174458290852327e-02 7.215958575941002970e-03 1.101101886168108501e-02 7.215958575941003837e-03 7.215958575941002970e-03 1.101101886168109369e-02 -9.450877875387526245e-03 1.101101886168109369e-02 1.605174458290851980e-02 7.215958575941003837e-03 1.101101886168108501e-02 7.215958575941003837e-03
1.035547193605724225e-01 1.698801149629074886e-02 8.478775432257326314e-03 1.698801149629076621e-02 1.698801149629077661e-02 8.478775432257333253e-03 9.787570994164832699e-03 8.478775432257328049e-03 8.478775432257329783e-03 9.787570994164832699e-03 -1.152970191594074323e-02 9.787570994164834434e-03 1.698801149629076968e-02 8.478775432257322844e-03 9.787570994164813618e-03 8.478775432257331518e-03
9.866772409803853394e-02 1.794708355863335394e-02 9.805602342953318590e-03 1.794708355863335394e-02 1.794708355863335394e-02 9.805602342953330733e-03 8.547090540028291425e-03 9.805602342953328998e-03 9.805602342953328998e-03 8.547090540028296629e-03 -1.347803455040705832e-02 8.547090540028300099e-03 1.794708355863334701e-02 9.805602342953315120e-03 8.547090540028300099e-03 9.805602342953328998e-03
9.326474946277951705e-02 1.893197716230588315e-02 1.118403716422706334e-02 1.893197716230590050e-02 1.893197716230589356e-02 1.118403716422705640e-02 7.294867358648299445e-03 1.118403716422705467e-02 1.118403716422704600e-02 7.294867358648303782e-03 -1.527635053196058426e-02 7.294867358648302914e-03 1.893197716230589703e-02 1.118403716422706334e-02 7.294867358648297710e-03 1.118403716422706681e-02
8.737193302611137580e-02 1.994526413963277137e-02 1.260092443786093620e-02 1.994526413963274014e-02 1.994526413963274708e-02 1.260092443786094835e-02 6.036956295094935906e-03 1.260092443786094661e-02 1.260092443786094488e-02 6.036956295094939376e-03 -1.690636139218977887e-02 6.036956295094937641e-03 1.994526413963274361e-02 1.260092443786093447e-02 6.036956295094954121e-03 1.260092443786093447e-02
8.102020060171068183e-02 2.098867316572144287e-02 1.404259576740395088e-02 2.098867316572144981e-02 2.098867316572145328e-02 1.404259576740396996e-02 4.780182631467190177e-03 1.404259576740396476e-02 1.404259576740396476e-02 4.780182631467191912e-03 -1.835119839489101484e-02 4.780182631467190177e-03 2.098867316572144634e-02 1.404259576740397690e-02 4.780182631467195381e-03 1.404259576740396476e-02
7.424554094564267404e-02 2.206270566123961357e-02 1.549511502869290597e-02 2.206270566123958235e-02 2.206270566123957888e-02 1.549511502869291464e-02 3.532126064957751867e-03 1.549511502869291291e-02 1.549511502869291638e-02 3.532126064957758806e-03 -1.959555802259157348e-02 3.532126064957762275e-03 2.206270566123959276e-02 1.549511502869290944e-02 3.532126064957775285e-03 1.549511502869291117e-02
6.708921524486244348e-02 2.316628481332123554e-02 1.694452198352091460e-02 2.316628481332123554e-02 2.316628481332125289e-02 1.694452198352090766e-02 2.301081194646241793e-03 1.694452198352091113e-02 1.694452198352091113e-02 2.301081194646250033e-03 -2.062581117785996371e-02 2.301081194646243094e-03 2.316628481332124595e-02 1.694452198352091460e-02 2.301081194646240058e-03 1.694452198352091460e-02
5.959787402408417423e-02 2.429645572020976141e-02 1.837706836711992808e-02 2.429645572020975100e-02 2.429645572020975100e-02 1.837706836711992461e-02 1.095993073020464859e-03 1.837706836711992114e-02 1.837706836711992461e-02 1.095993073020462257e-03 -2.143007939972666615e-02 1.095993073020465726e-03 2.429645572020974406e-02 1.837706836711990380e-02 1.095993073020452065e-03 1.837706836711992808e-02
5.182355530821842332e-02 2.544815312577838190e-02 1.977944111800026758e-02 2.544815312577836455e-02 2.544815312577836802e-02 1.977944111800026411e-02 -7.363283413937878746e-05 1.977944111800025717e-02 1.977944111800026064e-02 -7.363283413937293277e-05 -2.199828318277802230e-02 -7.363283413937325803e-05 2.544815312577836455e-02 1.977944111800025023e-02 -7.363283413937445065e-05 1.977944111800025023e-02
4.382354108936015180e-02 2.661405078120141626e-02 2.113896806151639371e-02 2.661405078120141626e-02 2.661405078120141626e-02 2.113896806151641800e-02 -1.197845936460639835e-03 2.113896806151640759e-02 2.113896806151641453e-02 -1.197845936460635499e-03 -2.232216883742386623e-02 -1.197845936460642221e-03 2.661405078120141279e-02 2.113896806151640412e-02 -1.197845936460624440e-03 2.113896806151640065e-02
3.566005424962044590e-02 2.778450324896353241e-02 2.244380200998850189e-02 2.778450324896351853e-02 2.778450324896351506e-02 2.244380200998849495e-02 -2.266389533381161885e-03 2.244380200998849148e-02 2.244380200998849495e-02 -2.266389533381152777e-03 -2.239532117188300711e-02 -2.266389533381145838e-03 2.778450324896351159e-02 2.244380200998850189e-02 -2.266389533381147139e-03 2.244380200998849842e-02
2.739978480808545960e-02 2.894758709770390084e-02 2.368307988404956196e-02 2.894758709770391125e-02 2.894758709770390431e-02 2.368307988404955156e-02 -3.268860733302632327e-03 2.368307988404955503e-02 2.368307988404955849e-02 -3.268860733302625388e-03 -2.221316956999007733e-02 -3.268860733302622786e-03 2.894758709770390084e-02 2.368307988404955503e-02 -3.268860733302628423e-03 2.368307988404956196e-02
1.911324228065958142e-02 3.008924411558280831e-02 2.484705409225724734e-02 3.008924411558280831e-02 3.008924411558281178e-02 2.484705409225725081e-02 -4.194887130439297826e-03 2.484705409225724734e-02 2.484705409225724734e-02 -4.194887130439289152e-03 -2.177299477477930012e-02 -4.194887130439293489e-03 3.008924411558281872e-02 2.484705409225724734e-02 -4.194887130439290020e-03 2.484705409225725081e-02
1.087393955748539379e-02 3.119352461394421516e-02 2.592719404467560412e-02 3.119352461394422210e-02 3.119352461394423945e-02 2.592719404467561800e-02 -5.034314849606050246e-03 2.592719404467560412e-02 2.592719404467562494e-02 -5.034314849606045909e-03 -2.107394288289396456e-02 -5.034314849606049379e-03 3.119352461394422210e-02 2.592719404467559025e-02 -5.034314849606036368e-03 2.592719404467559371e-02
2.757422454640651339e-03 3.224292433504393623e-02 2.691625634691532237e-02 3.224292433504393623e-02 3.224292433504393623e-02 2.691625634691532237e-02 -5.777401532031821094e-03 2.691625634691531543e-02 2.691625634691532237e-02 -5.777401532031818492e-03 -2.011705174818322409e-02 -5.777401532031818492e-03 3.224292433504394317e-02 2.691625634691531543e-02 -5.777401532031829767e-03 2.691625634691531543e-02
-5.159832578906254144e-03 3.321880415025808136e-02 2.780832295216766059e-02 3.321880415025808830e-02 3.321880415025811606e-02 2.780832295216767100e-02 -6.415007123118085519e-03 2.780832295216766753e-02 2.780832295216766753e-02 -6.415007123118072509e-03 -1.890529324266211966e-02 -6.415007123118082917e-03 3.321880415025808830e-02 2.780832295216767100e-02 -6.415007123118084652e-03 2.780832295216766753e-02
-1.280162274599375150e-02 3.410187785808227456e-02 2.859880736185234709e-02 3.410187785808225375e-02 3.410187785808225375e-02 2.859880736185233668e-02 -6.938775037746710596e-03 2.859880736185233668e-02 2.859880736185233668e-02 -6.938775037746701055e-03 -1.744363270646476227e-02 -6.938775037746705392e-03 3.410187785808225375e-02 2.859880736185234709e-02 -6.938775037746699320e-03 2.859880736185235056e-02
-2.009328935306849140e-02 3.487275015988110238e-02 2.928442986772225587e-02 3.487275015988106075e-02 3.487275015988107463e-02 2.928442986772226281e-02 -7.341296489931149229e-03 2.928442986772226281e-02 2.928442986772225240e-02 -7.341296489931146627e-03 -1.573910453306702831e-02 -7.341296489931141422e-03 3.487275015988107463e-02 2.928442986772226628e-02 -7.341296489931141422e-03 2.928442986772227322e-02
-2.696301437904182266e-02 3.551248446829673167e-02 2.986316380574972201e-02 3.551248446829671779e-02 3.551248446829673167e-02 2.986316380574973589e-02 -7.616251506568273537e-03 2.986316380574972548e-02 2.986316380574973242e-02 -7.616251506568274404e-03 -1.380090030237265605e-02 -7.616251506568273537e-03 3.551248446829671085e-02 2.986316380574971507e-02 -7.616251506568258792e-03 2.986316380574970814e-02
-3.334310085707611893e-02 3.600317871096515160e-02 3.033415580704275707e-02 3.600317871096514466e-02 3.600317871096516548e-02 3.033415580704274667e-02 -7.758521372969528519e-03 3.033415580704275707e-02 3.033415580704276054e-02 -7.758521372969524182e-03 -1.164046333716526119e-02 -7.758521372969521580e-03 3.600317871096513772e-02 3.033415580704277095e-02 -7.758521372969532856e-03 3.033415580704275707e-02
-3.917119458163605128e-02 3.632852680762301001e-02 3.069762402302587609e-02 3.632852680762303083e-02 3.632852680762302389e-02 3.069762402302589344e-02 -7.764268900291709623e-03 3.069762402302589344e-02 3.069762402302589344e-02 -7.764268900291708755e-03 -9.271581185846845818e-03 -7.764268900291705286e-03 3.632852680762302389e-02 3.069762402302586915e-02 -7.764268900291703551e-03 3.069762402302587609e-02
-4.439140651538286964e-02 3.647434404887502785e-02 3.095473919405685934e-02 3.647434404887502785e-02 3.647434404887503478e-02 3.095473919405686281e-02 -7.630984833349689980e-03 3.095473919405685934e-02 3.095473919405686281e-02 -7.630984833349686511e-03 -6.710465511062071661e-03 -7.630984833349687378e-03 3.647434404887503478e-02 3.095473919405685934e-02 -7.630984833349676970e-03 3.095473919405685240e-02
-4.895529903966702734e-02 3.642903616431965308e-02 3.110749413838832453e-02 3.642903616431965308e-02 3.642903616431964614e-02 3.110749413838831412e-02 -7.357500767036423417e-03 3.110749413838832106e-02 3.110749413838831759e-02 -7.357500767036423417e-03 -3.975807379798203776e-03 -7.357500767036421682e-03 3.642903616431963920e-02 3.110749413838832800e-02 -7.357500767036415611e-03 3.110749413838832106e-02
-5.282270463069960176e-02 3.618399435753229254e-02 3.115856768277416172e-02 3.618399435753229254e-02 3.618399435753229948e-02 3.115856768277416866e-02 -6.943970927848880023e-03 3.115856768277415131e-02 3.115856768277415478e-02 -6.943970927848883493e-03 -1.088795184681381339e-03 -6.943970927848883493e-03 3.618399435753229254e-02 3.115856768277417213e-02 -6.943970927848874819e-03 3.115856768277414784e-02
-5.596235233304432816e-02 3.573390187524167622e-02 3.111118917531764672e-02 3.573390187524171091e-02 3.573390187524170397e-02 3.111118917531767794e-02 -6.391826923372839753e-03 3.111118917531767100e-02 3.111118917531767447e-02 -6.391826923372844957e-03 1.926917473660437257e-03 -6.391826923372837151e-03 3.573390187524169703e-02 3.111118917531765365e-02 -6.391826923372822405e-03 3.111118917531764325e-02
-5.835228516590609121e-02 3.507694159133752793e-02 3.096900948159590078e-02 3.507694159133754180e-02 3.507694159133754874e-02 3.096900948159590772e-02 -5.703710909892829341e-03 3.096900948159590425e-02 3.096900948159590772e-02 -5.703710909892827606e-03 5.045305550549349961e-03 -5.703710909892823269e-03 3.507694159133753486e-02 3.096900948159589731e-02 -5.703710909892813728e-03 3.096900948159589731e-02
-5.998005992196271674e-02 3.421489840934066606e-02 3.073598376771617333e-02 3.421489840934063831e-02 3.421489840934063831e-02 3.073598376771618720e-02 -4.883393460953614450e-03 3.073598376771618720e-02 3.073598376771619067e-02 -4.883393460953616184e-03 8.238137522114953246e-03 -4.883393460953610980e-03 3.421489840934063831e-02 3.073598376771618373e-02 -4.883393460953607511e-03 3.073598376771618720e-02
-6.084272927514289275e-02 3.315315478141967614e-02 3.041627045646388625e-02 3.315315478141966227e-02 3.315315478141967614e-02 3.041627045646388972e-02 -3.935682676538993473e-03 3.041627045646387931e-02 3.041627045646388972e-02 -3.935682676538990871e-03 1.147521811683430669e-02 -3.935682676538991738e-03 3.315315478141967614e-02 3.041627045646388625e-02 -3.935682676538996075e-03 3.041627045646390012e-02
-6.094661428293015465e-02 3.190058206111290318e-02 3.001414957586735072e-02 3.190058206111288930e-02 3.190058206111289624e-02 3.001414957586732990e-02 -2.866330752836449697e-03 3.001414957586731949e-02 3.001414957586732296e-02 -2.866330752836448829e-03 1.472471159461782864e-02 -2.866330752836451431e-03 3.190058206111290318e-02 3.001414957586735766e-02 -2.866330752836483524e-03 3.001414957586735072e-02
-6.030688286056889308e-02 3.046933451287349437e-02 2.953396239880935401e-02 3.046933451287350478e-02 3.046933451287349784e-02 2.953396239880934013e-02 -1.681943394515999926e-03 2.953396239880934360e-02 2.953396239880934707e-02 -1.681943394515994072e-03 1.795354399428026118e-02 -1.681943394516002529e-03 3.046933451287350478e-02 2.953396239880936094e-02 -1.681943394515995806e-03 2.953396239880935401e-02
-5.894695627929500553e-02 2.887455638363567098e-02 2.898007290603068012e-02 2.887455638363566751e-02 2.887455638363566057e-02 2.898007290603070094e-02 -3.898962035720893431e-04 2.898007290603069053e-02 2.898007290603069400e-02 -3.898962035720915115e-04 2.112787812285398664e-02 -3.898962035720897768e-04 2.887455638363566751e-02 2.898007290603069747e-02 -3.898962035720924873e-04 2.898007290603069053e-02
-5.689777092695053051e-02 2.713401533210130223e-02 2.835685030065066004e-02 2.713401533210130570e-02 2.713401533210130917e-02 2.835685030065064616e-02 1.001739334340210003e-03 2.835685030065065657e-02 2.835685030065066004e-02 1.001739334340207184e-03 2.421365045727796525e-02 1.001739334340213689e-03 2.713401533210130223e-02 2.835685030065066004e-02 1.001739334340209786e-03 2.835685030065065657e-02
-5.419692627809451907e-02 2.526767759811779368e-02 2.766867065436060674e-02 2.526767759811778674e-02 2.526767759811778327e-02 2.766867065436062409e-02 2.484259260494735538e-03 2.766867065436063450e-02 2.766867065436063103e-02 2.484259260494735104e-03 2.717715491747807119e-02 2.484259260494736405e-03 2.526767759811778327e-02 2.766867065436062062e-02 2.484259260494751584e-03 2.766867065436062756e-02
-5.088775215472031432e-02 2.329724152755763278e-02 2.691993484420576732e-02 2.329724152755764666e-02 2.329724152755765013e-02 2.691993484420578120e-02 4.048380499885959743e-03 2.691993484420577773e-02 2.691993484420578120e-02 4.048380499885958876e-03 2.998565497970856475e-02 4.048380499885964080e-03 2.329724152755765360e-02 2.691993484420579161e-02 4.048380499885956274e-03 2.691993484420577773e-02
-4.701832891513506307e-02 2.124564646075991978e-02 2.611509928499082187e-02 2.124564646075996141e-02 2.124564646075994059e-02 2.611509928499081840e-02 5.684286062661917521e-03 2.611509928499082187e-02 2.611509928499083227e-02 5.684286062661917521e-03 3.260800311150004183e-02 5.684286062661914919e-03 2.124564646075994059e-02 2.611509928499082187e-02 5.684286062661906246e-03 2.611509928499082880e-02
-4.264049327448703880e-02 1.913657361502926410e-02 2.525871558535299974e-02 1.913657361502925369e-02 1.913657361502926410e-02 2.525871558535300321e-02 7.381665018189743042e-03 2.525871558535301709e-02 2.525871558535301015e-02 7.381665018189741308e-03 3.501524522949023971e-02 7.381665018189743042e-03 1.913657361502925022e-02 2.525871558535301362e-02 7.381665018189764726e-03 2.525871558535300321e-02
-3.780886020065422209e-02 1.699395455895418364e-02 2.435547513735013617e-02 1.699395455895418711e-02 1.699395455895418364e-02 2.435547513735013270e-02 9.129750805980222511e-03 2.435547513735012923e-02 2.435547513735013617e-02 9.129750805980217307e-03 3.718118791681316454e-02 9.129750805980220776e-03 1.699395455895416629e-02 2.435547513735013270e-02 9.129750805980232919e-03 2.435547513735012923e-02
-3.257988796781458030e-02 1.484150133191104726e-02 2.341025475156263344e-02 1.484150133191104379e-02 1.484150133191104379e-02 2.341025475156263691e-02 1.091736166066820980e-02 2.341025475156264385e-02 2.341025475156264385e-02 1.091736166066820633e-02 3.908290748811900361e-02 1.091736166066821154e-02 1.484150133191103858e-02 2.341025475156263344e-02 1.091736166066821848e-02 2.341025475156263691e-02
-2.701100924767954256e-02 1.270227035978413813e-02 2.242815972271825983e-02 1.270227035978413986e-02 1.270227035978414333e-02 2.242815972271826330e-02 1.273294673029005432e-02 2.242815972271826330e-02 2.242815972271826330e-02 1.273294673029004911e-02 4.070118255107043476e-02 1.273294673029005605e-02 1.270227035978412945e-02 2.242815972271827024e-02 1.273294673029006126e-02 2.242815972271826330e-02
-2.115984634857029020e-02 1.059827020426955084e-02 2.141456110357513667e-02 1.059827020426955257e-02 1.059827020426954390e-02 2.141456110357514014e-02 1.456464090732249167e-02 2.141456110357514014e-02 2.141456110357514361e-02 1.456464090732249340e-02 4.202083528074852109e-02 1.456464090732248820e-02 1.059827020426954564e-02 2.141456110357514361e-02 1.456464090732248647e-02 2.141456110357514361e-02
-1.508352364010574764e-02 8.550120983972290395e-03 2.037512443198640638e-02 8.550120983972302538e-03 8.550120983972311212e-03 2.037512443198642026e-02 1.640033054807366400e-02 2.037512443198641679e-02 2.037512443198641332e-02 1.640033054807366053e-02 4.303097092000058438e-02 1.640033054807366747e-02 8.550120983972304273e-03 2.037512443198640638e-02 1.640033054807366400e-02 2.037512443198640985e-02
-8.838085066382951951e-03 6.576771117820190589e-03 1.931582766270093648e-02 6.576771117820181915e-03 6.576771117820184517e-03 1.931582766270092608e-02 1.822773122498779971e-02 1.931582766270092955e-02 1.931582766270092955e-02 1.822773122498779624e-02 4.372510971894263965e-02 1.822773122498779971e-02 6.576771117820187119e-03 1.931582766270093648e-02 1.822773122498779971e-02 1.931582766270093648e-02
-2.478019659614142528e-03 4.695274931514802075e-03 1.824296657749720219e-02 4.695274931514806412e-03 4.695274931514805544e-03 1.824296657749720219e-02 2.003447754490466498e-02 1.824296657749720219e-02 1.824296657749720219e-02 2.003447754490466151e-02 4.410121028895019890e-02 2.003447754490466151e-02 4.695274931514804677e-03 1.824296657749720912e-02 2.003447754490465457e-02 1.824296657749720219e-02
3.944106709586154766e-03 2.920632675765989436e-03 1.716314646934925109e-02 2.920632675765997242e-03 2.920632675765986834e-03 1.716314646934925109e-02 2.180822398170708179e-02 1.716314646934924415e-02 1.716314646934924415e-02 2.180822398170707138e-02 4.416158784442322793e-02 2.180822398170708179e-02 2.920632675765991171e-03 1.716314646934924068e-02 2.180822398170708179e-02 1.716314646934925109e-02
1.037791932966717831e-02 1.265692652444445811e-03 1.608325940781926353e-02 1.265692652444425645e-03 1.265692652444432801e-03 1.608325940781926006e-02 2.353675471398407326e-02 1.608325940781926353e-02 1.608325940781926006e-02 2.353675471398407326e-02 4.391273475770032797e-02 2.353675471398407673e-02 1.265692652444431717e-03 1.608325940781925312e-02 2.353675471398408020e-02 1.608325940781926006e-02
1.677541202717125479e-02 -2.588865559290079617e-04 1.501044688390362758e-02 -2.588865559290068775e-04 -2.588865559290092627e-04 1.501044688390364666e-02 2.520809971208469794e-02 1.501044688390364319e-02 1.501044688390364146e-02 2.520809971208469100e-02 4.336505404478120662e-02 2.520809971208469794e-02 -2.588865559290105638e-04 1.501044688390363625e-02 2.520809971208469100e-02 1.501044688390363799e-02
2.309104654073350707e-02 -1.644617295135106586e-03 1.395204809184083170e-02 -1.644617295135098346e-03 -1.644617295135106586e-03 1.395204809184084384e-02 2.681065384681525013e-02 1.395204809184083690e-02 1.395204809184083690e-02 2.681065384681524666e-02 4.253251870149798997e-02 2.681065384681525013e-02 -1.644617295135104417e-03 1.395204809184083170e-02 2.681065384681525013e-02 1.395204809184084210e-02
2.928178872868454283e-02 -2.885112386627147838e-03 1.291553452058554104e-02 -2.885112386627118782e-03 -2.885112386627136996e-03 1.291553452058553410e-02 2.833329562825317657e-02 1.291553452058552195e-02 1.291553452058552889e-02 2.833329562825318004e-02 4.143227118129517994e-02 2.833329562825318004e-02 -2.885112386627130925e-03 1.291553452058553757e-02 2.833329562825319045e-02 1.291553452058553236e-02
3.530709785093789216e-02 -3.975969072608363103e-03 1.190843188821804136e-02 -3.975969072608350960e-03 -3.975969072608352695e-03 1.190843188821804309e-02 2.976550232892303735e-02 1.190843188821804483e-02 1.190843188821804483e-02 2.976550232892302694e-02 4.008417779449219981e-02 2.976550232892302347e-02 -3.975969072608352695e-03 1.190843188821805350e-02 2.976550232892301306e-02 1.190843188821804483e-02
4.112888569821764040e-02 -4.914614357338133351e-03 1.093823075400418565e-02 -4.914614357338118605e-03 -4.914614357338125544e-03 1.093823075400418218e-02 3.109745866708306036e-02 1.093823075400418218e-02 1.093823075400418045e-02 3.109745866708306383e-02 3.851035253877454351e-02 3.109745866708306383e-02 -4.914614357338123810e-03 1.093823075400420300e-02 3.109745866708306036e-02 1.093823075400418045e-02
4.671146198981162428e-02 -5.700119445070647023e-03 1.001228739067084456e-02 -5.700119445070631410e-03 -5.700119445070631410e-03 1.001228739067084456e-02 3.232015685598241955e-02 1.001228739067084456e-02 1.001228739067084282e-02 3.232015685598241955e-02 3.673466402251317209e-02 3.232015685598241955e-02 -5.700119445070634880e-03 1.001228739067084456e-02 3.232015685598241955e-02 1.001228739067083935e-02
5.202148125199776429e-02 -6.332991431278953143e-03 9.137716711072003950e-03 -6.332991431278955745e-03 -6.332991431278969623e-03 9.137716711072003950e-03 3.342548656949753672e-02 9.137716711072007419e-03 9.137716711072003950e-03 3.342548656949753672e-02 3.478223792869289399e-02 3.342548656949753672e-02 -6.332991431278962684e-03 9.137716711071991807e-03 3.342548656949754365e-02 9.137716711072019563e-03
5.702790439837222142e-02 -6.814950618083476935e-03 8.321279246365984039e-03 -6.814950618083481272e-03 -6.814950618083483007e-03 8.321279246366003121e-03 3.440631412316155074e-02 8.321279246365997917e-03 8.321279246366001386e-03 3.440631412316154381e-02 3.267896610311645661e-02 3.440631412316155768e-02 -6.814950618083482139e-03 8.321279246365987509e-03 3.440631412316157156e-02 8.321279246365975366e-03
6.170198558480899376e-02 -7.148701812205813383e-03 7.569264399530926599e-03 -7.148701812205803842e-03 -7.148701812205808179e-03 7.569264399530921394e-03 3.525655081013071707e-02 7.569264399530907517e-03 7.569264399530910119e-03 3.525655081013072401e-02 3.045103202630281003e-02 3.525655081013071707e-02 -7.148701812205808179e-03 7.569264399530909251e-03 3.525655081013071013e-02 7.569264399530914456e-03
6.601729177289326900e-02 -7.337707746945275333e-03 6.887372477433090570e-03 -7.337707746945282272e-03 -7.337707746945287476e-03 6.887372477433084499e-03 3.597121076641136839e-02 6.887372477433083631e-03 6.887372477433083631e-03 3.597121076641136145e-02 2.812446128464081430e-02 3.597121076641136839e-02 -7.337707746945294415e-03 6.887372477433080162e-03 3.597121076641134757e-02 6.887372477433096642e-03
6.994975900392887136e-02 -7.385972372457742796e-03 6.280598352636194634e-03 -7.385972372457746266e-03 -7.385972372457744531e-03 6.280598352636188562e-03 3.654645890087816068e-02 6.280598352636187695e-03 6.280598352636191165e-03 3.654645890087816762e-02 2.572470476656915986e-02 3.654645890087816762e-02 -7.385972372457736725e-03 6.280598352636192899e-03 3.654645890087816762e-02 6.280598352636182491e-03
7.347778587206600653e-02 -7.297841199275468746e-03 5.753120017174239917e-03 -7.297841199275458338e-03 -7.297841199275464409e-03 5.753120017174232978e-03 3.697964928719588151e-02 5.753120017174233845e-03 5.753120017174227774e-03 3.697964928719588845e-02 2.327626167320378386e-02 3.697964928719588845e-02 -7.297841199275461807e-03 5.753120017174228641e-03 3.697964928719587457e-02 5.753120017174210427e-03
7.658236129624886035e-02 -7.077825166262543058e-03 5.308195732650287588e-03 -7.077825166262556936e-03 -7.077825166262560405e-03 5.308195732650281516e-03 3.726935399857496389e-02 5.308195732650273710e-03 5.308195732650276312e-03 3.726935399857496389e-02 2.080234897859667420e-02 3.726935399857496389e-02 -7.077825166262565609e-03 5.308195732650273710e-03 3.726935399857496389e-02 5.308195732650284118e-03
7.924722061256102290e-02 -6.730453631820400642e-03 4.948073895818852139e-03 -6.730453631820391101e-03 -6.730453631820401510e-03 4.948073895818848669e-03 3.741538174119551918e-02 4.948073895818845200e-03 4.948073895818846067e-03 3.741538174119551224e-02 1.832462357502225372e-02 3.741538174119551224e-02 -6.730453631820403244e-03 4.948073895818838261e-03 3.741538174119550531e-02 4.948073895818833924e-03
8.145902139539043518e-02 -6.260161043059826735e-03 4.673920046871357301e-03 -6.260161043059814592e-03 -6.260161043059813725e-03 4.673920046871342555e-03 3.741878491576446780e-02 4.673920046871344290e-03 4.673920046871343423e-03 3.741878491576445392e-02 1.586296283255971343e-02 3.741878491576447474e-02 -6.260161043059814592e-03 4.673920046871339086e-03 3.741878491576446086e-02 4.673920046871336484e-03
8.320752838472206259e-02 -5.671210607207381044e-03 4.485765559154197835e-03 -5.671210607207401860e-03 -5.671210607207405330e-03 4.485765559154225590e-03 3.728185304113881826e-02 4.485765559154222121e-03 4.485765559154221253e-03 3.728185304113881826e-02 1.343530852462368821e-02 3.728185304113881826e-02 -5.671210607207405330e-03 4.485765559154196100e-03 3.728185304113882520e-02 4.485765559154214314e-03
8.448579552804659498e-02 -4.967656866610565408e-03 4.382482377664248877e-03 -4.967656866610586225e-03 -4.967656866610585358e-03 4.382482377664264489e-03 3.700808994746846575e-02 4.382482377664264489e-03 4.382482377664267958e-03 3.700808994746847269e-02 1.105757788253304737e-02 3.700808994746847269e-02 -4.967656866610578419e-03 4.382482377664245407e-03 3.700808994746850045e-02 4.382482377664251479e-03
8.529033248648755505e-02 -4.153347476368966784e-03 4.361787651485942233e-03 -4.153347476368961580e-03 -4.153347476368955508e-03 4.361787651485937028e-03 3.660217191356502503e-02 4.361787651485933559e-03 4.361787651485931824e-03 3.660217191356502503e-02 8.743643855809266063e-03 3.660217191356503197e-02 -4.153347476368952906e-03 4.361787651485935294e-03 3.660217191356498340e-02 4.361787651485933559e-03
8.562124302644959217e-02 -3.231962742482455408e-03 4.420281196401689913e-03 -3.231962742482454541e-03 -3.231962742482458444e-03 4.420281196401688178e-03 3.606988407730220281e-02 4.420281196401686444e-03 4.420281196401688178e-03 3.606988407730219587e-02 6.505384455858021810e-03 3.606988407730219587e-02 -3.231962742482452806e-03 4.420281196401690781e-03 3.606988407730218199e-02 4.420281196401702924e-03
8.548232351820977959e-02 -2.207089670802422909e-03 4.553517433909569714e-03 -2.207089670802411634e-03 -2.207089670802415103e-03 4.553517433909567980e-03 3.541803303652817092e-02 4.553517433909562775e-03 4.553517433909564510e-03 3.541803303652817092e-02 4.352798415426475942e-03 3.541803303652817786e-02 -2.207089670802411200e-03 4.553517433909561041e-03 3.541803303652811541e-02 4.553517433909569714e-03
8.488111126719455335e-02 -1.082325505139390687e-03 4.756111833417876744e-03 -1.082325505139401529e-03 -1.082325505139412804e-03 4.756111833417892357e-03 3.465433457583257798e-02 4.756111833417891489e-03 4.756111833417890622e-03 3.465433457583257104e-02 2.294181449522093765e-03 3.465433457583257104e-02 -1.082325505139399794e-03 4.756111833417862866e-03 3.465433457583257104e-02 4.756111833417863734e-03
8.382887456238691248e-02 1.385958796866256643e-04 5.021880030936093364e-03 1.385958796866113528e-04 1.385958796866109191e-04 5.021880030936091630e-03 3.378727684234300588e-02 5.021880030936097701e-03 5.021880030936091630e-03 3.378727684234301282e-02 3.363543638746331957e-04 3.378727684234301282e-02 1.385958796866263148e-04 5.021880030936070813e-03 3.378727684234300588e-02 5.021880030936089027e-03
8.234053905713001331e-02 1.451662685763573796e-03 5.344005841433701123e-03 1.451662685763573796e-03 1.451662685763566423e-03 5.344005841433708062e-03 3.282596094466361247e-02 5.344005841433708062e-03 5.344005841433705460e-03 3.282596094466360553e-02 -1.515068627444329623e-03 3.282596094466360553e-02 1.451662685763572712e-03 5.344005841433699389e-03 3.282596094466361247e-02 5.344005841433715001e-03
8.043454827780902039e-02 2.852437865544382029e-03 5.715232477264363224e-03 2.852437865544378559e-03 2.852437865544369885e-03 5.715232477264372765e-03 3.177992272056608114e-02 5.715232477264371030e-03 5.715232477264375367e-03 3.177992272056606726e-02 -3.255385485840490197e-03 3.177992272056607420e-02 2.852437865544375957e-03 5.715232477264362357e-03 3.177992272056606726e-02 5.715232477264387510e-03
7.813265951670120280e-02 4.335915025984581755e-03 6.128069592348125288e-03 4.335915025984574817e-03 4.335915025984571347e-03 6.128069592348132227e-03 3.065894114874414059e-02 6.128069592348134829e-03 6.128069592348133962e-03 3.065894114874413712e-02 -4.880501769708287321e-03 3.065894114874413712e-02 4.335915025984578286e-03 6.128069592348120952e-03 3.065894114874413712e-02 6.128069592348123554e-03
7.545967989184322600e-02 5.896386668203518547e-03 6.575007441480056405e-03 5.896386668203503802e-03 5.896386668203502934e-03 6.575007441480052069e-03 2.947284040313859210e-02 6.575007441480052069e-03 6.575007441480049467e-03 2.947284040313859557e-02 -6.386632826095329889e-03 2.947284040313859210e-02 5.896386668203518547e-03 6.575007441480050334e-03 2.947284040313859557e-02 6.575007441480058140e-03
7.244315069680491714e-02 7.527333145709335857e-03 7.048728600456100404e-03 7.527333145709334990e-03 7.527333145709346265e-03 7.048728600456105609e-03 2.823129371469028370e-02 7.048728600456109078e-03 7.048728600456107343e-03 2.823129371469028023e-02 -7.770029741143534910e-03 2.823129371469029064e-02 7.527333145709348000e-03 7.048728600456104741e-03 2.823129371469029411e-02 7.048728600456108211e-03
6.911299104519766368e-02 9.221339494939135087e-03 7.542307421576058615e-03 9.221339494939154169e-03 9.221339494939145495e-03 7.542307421576044738e-03 2.694363789290633165e-02 7.542307421576045605e-03 7.542307421576044738e-03 2.694363789290631431e-02 -9.026745126039306677e-03 2.694363789290632125e-02 9.221339494939155904e-03 7.542307421576044738e-03 2.694363789290632125e-02 7.542307421576047340e-03
6.550111397443689198e-02 1.097004565832644836e-02 8.049387740310104747e-03 1.097004565832645703e-02 1.097004565832644316e-02 8.049387740310092604e-03 2.561870748468612555e-02 8.049387740310101277e-03 8.049387740310096073e-03 2.561870748468612208e-02 -1.015245298835128901e-02 2.561870748468612555e-02 1.097004565832645877e-02 8.049387740310099543e-03 2.561870748468610820e-02 8.049387740310099543e-03
6.164102938611854682e-02 1.276413372207058430e-02 8.564330293675056702e-03 1.276413372207057043e-02 1.276413372207057390e-02 8.564330293675058436e-03 2.426469707058073397e-02 8.564330293675063641e-03 8.564330293675061906e-03 2.426469707058074438e-02 -1.114233431877775099e-02 2.426469707058073397e-02 1.276413372207057736e-02 8.564330293675049763e-03 2.426469707058073397e-02 8.564330293675048028e-03
5.756744831398005746e-02 1.459335378657169308e-02 9.082322804060693339e-03 1.459335378657169655e-02 1.459335378657168961e-02 9.082322804060691604e-03 2.288905912413605540e-02 9.082322804060702012e-03 9.082322804060693339e-03 2.288905912413605886e-02 -1.199103678117883175e-02 2.288905912413605540e-02 1.459335378657170001e-02 9.082322804060693339e-03 2.288905912413605540e-02 9.082322804060705482e-03
5.331590197221593858e-02 1.644658813375681969e-02 9.599447628970437033e-03 1.644658813375680581e-02 1.644658813375680581e-02 9.599447628970459584e-03 2.149844323597485674e-02 9.599447628970459584e-03 9.599447628970459584e-03 2.149844323597486020e-02 -1.269271322496894061e-02 2.149844323597485674e-02 1.644658813375679887e-02 9.599447628970442237e-03 2.149844323597487061e-02 9.599447628970442237e-03
4.892238691117424543e-02 1.831195158793253591e-02 1.011270415195223045e-02 1.831195158793253591e-02 1.831195158793252203e-02 1.011270415195222698e-02 2.009868041663341598e-02 1.011270415195223392e-02 1.011270415195222871e-02 2.009868041663340557e-02 -1.324113984115497800e-02 2.009868041663340904e-02 1.831195158793253591e-02 1.011270415195223045e-02 2.009868041663339516e-02 1.011270415195223565e-02
4.442304457789306854e-02 2.017692448481640463e-02 1.061998554771480946e-02 2.017692448481641157e-02 2.017692448481640810e-02 1.061998554771481466e-02 1.869481375871963336e-02 1.061998554771481466e-02 1.061998554771480946e-02 1.869481375871963683e-02 -1.362991083832979650e-02 1.869481375871963336e-02 2.017692448481641504e-02 1.061998554771480599e-02 1.869481375871961948e-02 1.061998554771481640e-02
3.985387993504692361e-02 2.202851352136440607e-02 1.112001204119442491e-02 2.202851352136438873e-02 2.202851352136439567e-02 1.112001204119442317e-02 1.729117410273638133e-02 1.112001204119442491e-02 1.112001204119442144e-02 1.729117410273638133e-02 -1.385270267862023438e-02 1.729117410273638133e-02 2.202851352136441301e-02 1.112001204119442491e-02 1.729117410273638133e-02 1.112001204119442491e-02
3.525051989989365364e-02 2.385343496478063360e-02 1.161222514403857653e-02 2.385343496478061973e-02 2.385343496478063013e-02 1.161222514403857826e-02 1.589149667279318376e-02 1.161222514403858000e-02 1.161222514403857826e-02 1.589149667279318723e-02 -1.390359731442410325e-02 1.589149667279318723e-02 2.385343496478062320e-02 1.161222514403857480e-02 1.589149667279319417e-02 1.161222514403856786e-02
3.064800862674487911e-02 2.563831422008119865e-02 1.209664945143780826e-02 2.563831422008119518e-02 2.563831422008119171e-02 1.209664945143781173e-02 1.449907209907545270e-02 1.209664945143781520e-02 1.209664945143781173e-02 1.449907209907545097e-02 -1.377745061200206719e-02 1.449907209907544750e-02 2.563831422008118477e-02 1.209664945143780652e-02 1.449907209907543709e-02 1.209664945143780826e-02
2.608063346265385857e-02 2.736989553086205396e-02 1.257373029493461143e-02 2.736989553086206436e-02 2.736989553086206783e-02 1.257373029493460276e-02 1.311692299470551895e-02 1.257373029493461490e-02 1.257373029493460970e-02 1.311692299470551375e-02 -1.347028933453558314e-02 1.311692299470551895e-02 2.736989553086206783e-02 1.257373029493460796e-02 1.311692299470551201e-02 1.257373029493460623e-02
2.158177308782348661e-02 2.903525554407684547e-02 1.304415677508332511e-02 2.903525554407685935e-02 2.903525554407685241e-02 1.304415677508331817e-02 1.174799546721901587e-02 1.304415677508331990e-02 1.304415677508331643e-02 1.174799546721901761e-02 -1.297971778351062616e-02 1.174799546721901934e-02 2.903525554407684894e-02 1.304415677508330949e-02 1.174799546721902108e-02 1.304415677508332684e-02
1.718375814171286403e-02 3.062201453741556986e-02 1.350868037350584291e-02 3.062201453741556639e-02 3.062201453741556639e-02 1.350868037350584638e-02 1.039535375984955087e-02 1.350868037350584985e-02 1.350868037350583944e-02 1.039535375984955434e-02 -1.230531357181220697e-02 1.039535375984955781e-02 3.062201453741556986e-02 1.350868037350584465e-02 1.039535375984956302e-02 1.350868037350583598e-02
1.291773463774544689e-02 3.211853923672913780e-02 1.396793943180651108e-02 3.211853923672914474e-02 3.211853923672913780e-02 1.396793943180650588e-02 9.062365742560049217e-03 1.396793943180651976e-02 1.396793943180651282e-02 9.062365742560052687e-03 -1.144899114574506223e-02 9.062365742560047482e-03 3.211853923672912392e-02 1.396793943180650935e-02 9.062365742560044013e-03 1.396793943180651976e-02
8.813521649897269189e-03 3.351413131878460544e-02 1.442229928472579109e-02 3.351413131878459850e-02 3.351413131878459850e-02 1.442229928472578589e-02 7.752867270103639200e-03 1.442229928472578415e-02 1.442229928472579109e-02 7.752867270103640934e-03 -1.041531171380885579e-02 7.752867270103642669e-03 3.351413131878459850e-02 1.442229928472579109e-02 7.752867270103633128e-03 1.442229928472579630e-02
4.899456946710577937e-03 3.479919591126791334e-02 1.487171678198060017e-02 3.479919591126792028e-02 3.479919591126792722e-02 1.487171678198057068e-02 6.471294503340254724e-03 1.487171678198058108e-02 1.487171678198057762e-02 6.471294503340258193e-03 -9.211719297030622478e-03 6.471294503340258193e-03 3.479919591126792722e-02 1.487171678198059323e-02 6.471294503340249520e-03 1.487171678198059149e-02
1.202227176096105736e-03 3.596538470557599648e-02 1.531563639669606888e-02 3.596538470557599648e-02 3.596538470557598260e-02 1.531563639669606541e-02 5.222775100319566703e-03 1.531563639669606715e-02 1.531563639669606541e-02 5.222775100319569305e-03 -7.848684779858634136e-03 5.222775100319571040e-03 3.596538470557599648e-02 1.531563639669607062e-02 5.222775100319564101e-03 1.531563639669607582e-02
-2.253317482703783535e-03 3.700570874554381939e-02 1.575292319805876931e-02 3.700570874554381939e-02 3.700570874554381939e-02 1.575292319805876237e-02 4.013171615638469296e-03 1.575292319805877278e-02 1.575292319805876584e-02 4.013171615638470163e-03 -6.339743150381878072e-03 4.013171615638475367e-03 3.700570874554379858e-02 1.575292319805876931e-02 4.013171615638473633e-03 1.575292319805876584e-02
-5.444360966323755040e-03 3.791461660879511669e-02 1.618183578647662893e-02 3.791461660879510281e-02 3.791461660879510281e-02 1.618183578647662546e-02 2.849073337370877038e-03 1.618183578647663934e-02 1.618183578647662893e-02 2.849073337370874870e-03 -4.701413537203918275e-03 2.849073337370887013e-03 3.791461660879510975e-02 1.618183578647663587e-02 2.849073337370887013e-03 1.618183578647663240e-02
-8.350325084748637383e-03 3.868803460848228154e-02 1.660003999224125490e-02 3.868803460848227460e-02 3.868803460848226766e-02 1.660003999224124449e-02 1.737735936608337346e-03 1.660003999224124449e-02 1.660003999224124449e-02 1.737735936608344718e-03 -2.952997049065315786e-03 1.737735936608346887e-03 3.868803460848228154e-02 1.660003999224125143e-02 1.737735936608347321e-03 1.660003999224125143e-02
-1.095307091800927154e-02 3.932336683906058339e-02 1.700466187055554163e-02 3.932336683906058339e-02 3.932336683906058339e-02 1.700466187055552428e-02 6.869714782253975209e-04 1.700466187055552081e-02 1.700466187055552775e-02 6.869714782254026167e-04 -1.116253574471833161e-03 6.869714782254000146e-04 3.932336683906058339e-02 1.700466187055554163e-02 6.869714782253829926e-04 1.700466187055553816e-02
-1.323708799621964478e-02 3.981945436332012811e-02 1.739237642807313355e-02 3.981945436332013505e-02 3.981945436332012117e-02 1.739237642807313702e-02 -2.950056864809029781e-04 1.739237642807314396e-02 1.739237642807314049e-02 -2.950056864809047670e-04 7.850347204198778253e-04 -2.950056864808987497e-04 3.981945436332012811e-02 1.739237642807313702e-02 -2.950056864808865524e-04 1.739237642807313702e-02
-1.518966103763962593e-02 4.017649454323875269e-02 1.775952671230269370e-02 4.017649454323875269e-02 4.017649454323873187e-02 1.775952671230267635e-02 -1.199769064075529440e-03 1.775952671230268329e-02 1.775952671230267982e-02 -1.199769064075528139e-03 2.725598847166580893e-03 -1.199769064075520116e-03 4.017649454323873881e-02 1.775952671230269717e-02 -1.199769064075525971e-03 1.775952671230268676e-02
-1.680100467160725031e-02 4.039592337120744003e-02 1.810226648072050734e-02 4.039592337120744697e-02 4.039592337120745391e-02 1.810226648072047959e-02 -2.018896140994850836e-03 1.810226648072048652e-02 1.810226648072048306e-02 -2.018896140994852571e-03 4.679296866429882157e-03 -2.018896140994842596e-03 4.039592337120744697e-02 1.810226648072050387e-02 -2.018896140994858642e-03 1.810226648072049346e-02
-1.806435814791941541e-02 4.048026554767084756e-02 1.841671870112654777e-02 4.048026554767084062e-02 4.048026554767084062e-02 1.841671870112655471e-02 -2.744199146292330797e-03 1.841671870112654777e-02 1.841671870112655818e-02 -2.744199146292327762e-03 6.619780335641933106e-03 -2.744199146292322124e-03 4.048026554767084062e-02 1.841671870112654777e-02 -2.744199146292309547e-03 1.841671870112653736e-02
-1.897603434428539113e-02 4.043295884416838598e-02 1.869914164015446315e-02 4.043295884416838598e-02 4.043295884416839986e-02 1.869914164015445968e-02 -3.367958596968840569e-03 1.869914164015447008e-02 1.869914164015446661e-02 -3.367958596968841437e-03 8.521183514556282881e-03 -3.367958596968837100e-03 4.043295884416838598e-02 1.869914164015447008e-02 -3.367958596968832329e-03 1.869914164015446661e-02
-1.953542017743085946e-02 4.025816084935696787e-02 1.894609425782427942e-02 4.025816084935696093e-02 4.025816084935696787e-02 1.894609425782429329e-02 -3.883147997917100070e-03 1.894609425782429676e-02 1.894609425782430023e-02 -3.883147997917095300e-03 1.035880322472151546e-02 -3.883147997917089228e-03 4.025816084935696093e-02 1.894609425782428636e-02 -3.883147997917080554e-03 1.894609425782427595e-02
-1.974492851373402247e-02 3.996054738956227037e-02 1.915459299726629538e-02 3.996054738956228425e-02 3.996054738956227731e-02 1.915459299726628845e-02 -4.283638989281947362e-03 1.915459299726629191e-02 1.915459299726628845e-02 -4.283638989281943893e-03 1.210973692901081734e-02 -4.283638989281942158e-03 3.996054738956227037e-02 1.915459299726629885e-02 -4.283638989281962108e-03 1.915459299726630232e-02
-1.960990456724401657e-02 3.954511263389152292e-02 1.932225277415706641e-02 3.954511263389152986e-02 3.954511263389152292e-02 1.932225277415704559e-02 -4.564377740377280855e-03 1.932225277415704906e-02 1.932225277415705253e-02 -4.564377740377277386e-03 1.375344834824059753e-02 -4.564377740377276518e-03 3.954511263389152292e-02 1.932225277415706294e-02 -4.564377740377283457e-03 1.932225277415705600e-02
-1.913849229244240363e-02 3.901698105515566395e-02 1.944740595400126781e-02 3.901698105515567783e-02 3.901698105515567783e-02 1.944740595400126781e-02 -4.721525345708721053e-03 1.944740595400126087e-02 1.944740595400126087e-02 -4.721525345708717583e-03 1.527223373064288785e-02 -4.721525345708718450e-03 3.901698105515567089e-02 1.944740595400127475e-02 -4.721525345708735798e-03 1.944740595400125741e-02
-1.834146819733837794e-02 3.838124097614370456e-02 1.952919428135335700e-02 3.838124097614371844e-02 3.838124097614371844e-02 1.952919428135335700e-02 -4.752557233225370575e-03 1.952919428135335700e-02 1.952919428135334659e-02 -4.752557233225366239e-03 1.665156753754069158e-02 -4.752557233225362769e-03 3.838124097614370456e-02 1.952919428135335700e-02 -4.752557233225364504e-03 1.952919428135333965e-02
-1.723205115623829831e-02 3.764280838116559197e-02 1.956763002537747348e-02 3.764280838116557809e-02 3.764280838116556421e-02 1.956763002537747001e-02 -4.656318991830216483e-03 1.956763002537746307e-02 1.956763002537746654e-02 -4.656318991830212146e-03 1.788031344662787195e-02 -4.656318991830211279e-03 3.764280838116557115e-02 1.956763002537747001e-02 -4.656318991830206075e-03 1.956763002537746654e-02
-1.582569710800045201e-02 3.680632805300383670e-02 1.956362397457646340e-02 3.680632805300383670e-02 3.680632805300382282e-02 1.956362397457647381e-02 -4.433038414584422604e-03 1.956362397457646687e-02 1.956362397457647034e-02 -4.433038414584424339e-03 1.895079470685978248e-02 -4.433038414584420002e-03 3.680632805300382976e-02 1.956362397457647728e-02 -4.433038414584418267e-03 1.956362397457647381e-02
-1.413988699031490034e-02 3.587611698573716507e-02 1.951897930594610406e-02 3.587611698573717200e-02 3.587611698573716507e-02 1.951897930594608671e-02 -4.084295799420278178e-03 1.951897930594607977e-02 1.951897930594608671e-02 -4.084295799420279913e-03 1.985872640936662756e-02 -4.084295799420274709e-03 3.587611698573715813e-02 1.951897930594610753e-02 -4.084295799420279913e-03 1.951897930594608324e-02
-1.219391497739694651e-02 3.485615254416545017e-02 1.943635173536722993e-02 3.485615254416544323e-02 3.485615254416542935e-02 1.943635173536720911e-02 -3.612956532574470268e-03 1.943635173536720911e-02 1.943635173536721605e-02 -3.612956532574469401e-03 2.060302051882554469e-02 -3.612956532574465064e-03 3.485615254416542935e-02 1.943635173536723687e-02 -3.612956532574471136e-03 1.943635173536722993e-02
-1.000868223082800393e-02 3.375010514443006066e-02 1.931917769652603811e-02 3.375010514443006759e-02 3.375010514443006759e-02 1.931917769652603811e-02 -3.023071605996645664e-03 1.931917769652604158e-02 1.931917769652603464e-02 -3.023071605996640893e-03 2.118548189793383399e-02 -3.023071605996638291e-03 3.375010514443006066e-02 1.931917769652603811e-02 -3.023071605996643495e-03 1.931917769652603117e-02
-7.606499176258191275e-03 3.256141249635206847e-02 1.917157356455619077e-02 3.256141249635205459e-02 3.256141249635205459e-02 1.917157356455618036e-02 -2.319752919260802473e-03 1.917157356455618036e-02 1.917157356455618036e-02 -2.319752919260799438e-03 2.161041948055178116e-02 -2.319752919260799004e-03 3.256141249635204071e-02 1.917157356455619424e-02 -2.319752919260814616e-03 1.917157356455619424e-02
-5.010897053474152457e-03 3.129338986713273846e-02 1.899821010330421736e-02 3.129338986713275927e-02 3.129338986713275234e-02 1.899821010330422430e-02 -1.509030948360316890e-03 1.899821010330422083e-02 1.899821010330422083e-02 -1.509030948360314938e-03 2.188420075855481220e-02 -1.509030948360316239e-03 3.129338986713274540e-02 1.899821010330422777e-02 -1.509030948360324045e-03 1.899821010330421042e-02
-2.246447429596979892e-03 2.994936858730987139e-02 1.880416733106064081e-02 2.994936858730987833e-02 2.994936858730986445e-02 1.880416733106064081e-02 -5.977026181536028264e-04 1.880416733106063387e-02 1.880416733106063040e-02 -5.977026181535985980e-04 2.201477956660376212e-02 -5.977026181536005496e-04 2.994936858730986445e-02 1.880416733106064081e-02 -5.977026181535989233e-04 1.880416733106063040e-02
6.614132388516411748e-04 2.853285329344567439e-02 1.859477582295824410e-02 2.853285329344568480e-02 2.853285329344567439e-02 1.859477582295824410e-02 4.068229872157245759e-04 1.859477582295824064e-02 1.859477582295824410e-02 4.068229872157309726e-04 2.201122670074890861e-02 4.068229872157312979e-04 2.853285329344568133e-02 1.859477582295825104e-02 4.068229872157354179e-04 1.859477582295824410e-02
3.686557874717559264e-03 2.704768732283150193e-02 1.837545105107607490e-02 2.704768732283150540e-02 2.704768732283149846e-02 1.837545105107608531e-02 1.496674051923961362e-03 1.837545105107607490e-02 1.837545105107607490e-02 1.496674051923964181e-03 2.188329031979973152e-02 1.496674051923965265e-03 2.704768732283150193e-02 1.837545105107607490e-02 1.496674051923977625e-03 1.837545105107606797e-02
6.802345988246224009e-03 2.549821532829445181e-02 1.815152766058126740e-02 2.549821532829444834e-02 2.549821532829444140e-02 1.815152766058127087e-02 2.663654516192292578e-03 1.815152766058126393e-02 1.815152766058126046e-02 2.663654516192297782e-03 2.164100867031485201e-02 2.663654516192296047e-03 2.549821532829445875e-02 1.815152766058127087e-02 2.663654516192298649e-03 1.815152766058126740e-02
9.981807427982346270e-03 2.388943258975102443e-02 1.792810055607708952e-02 2.388943258975102443e-02 2.388943258975102096e-02 1.792810055607708952e-02 3.899366740403492886e-03 1.792810055607708952e-02 1.792810055607708605e-02 3.899366740403493320e-03 2.129439191493265673e-02 3.899366740403494187e-03 2.388943258975101749e-02 1.792810055607708605e-02 3.899366740403503295e-03 1.792810055607708952e-02
